00000000000000
00000000100001
00000001000010
00000001100010
00000010000000
00000010100001
00000011000010
00000011100010
00000100000100
00000100100101
00000101000110
00000101100110
00000110000100
00000110100101
00000111000110
00000111100110
00001000011100
00001000100001
00001001000011
00001001100011
00001010011100
00001010100001
00001011000011
00001011100011
00001100011100
00001100100101
00001101000111
00001101100111
00001110011100
00001110100101
00001111000111
00001111100111
00010000001100
00010000101100
00010001000010
00010001100011
00010010001100
00010010101100
00010011000010
00010011100011
00010100001100
00010100101100
00010101000110
00010101100111
00010110001100
00010110101100
00010111000110
00010111100111
00011000001101
00011000101101
00011001011110
00011001100011
00011010001101
00011010101101
00011011011110
00011011100011
00011100001101
00011100101101
00011101011110
00011101100111
00011110001101
00011110101101
00011111011110
00011111100111
00100000000100
00100000100101
00100001000110
00100001100110
00100010000000
00100010100001
00100011000010
00100011100010
00100100000100
00100100100101
00100101000110
00100101100110
00100110000100
00100110100101
00100111000110
00100111100110
00101000011100
00101000100101
00101001000111
00101001100111
00101010011100
00101010100001
00101011000011
00101011100011
00101100011100
00101100100101
00101101000111
00101101100111
00101110011100
00101110100101
00101111000111
00101111100111
00110000001100
00110000101100
00110001000110
00110001100111
00110010001100
00110010101100
00110011000010
00110011100011
00110100001100
00110100101100
00110101000110
00110101100111
00110110001100
00110110101100
00110111000110
00110111100111
00111000001101
00111000101101
00111001011110
00111001100111
00111010001101
00111010101101
00111011011110
00111011100011
00111100001101
00111100101101
00111101011110
00111101100111
00111110001101
00111110101101
00111111011110
00111111100111
01000000001000
01000000101001
01000001001010
01000001101010
01000010001000
01000010101001
01000011001010
01000011101010
01000100001100
01000100101101
01000101001110
01000101101110
01000110001100
01000110101101
01000111001110
01000111101110
01001000000100
01001000101001
01001001001011
01001001101011
01001010000100
01001010101001
01001011001011
01001011101011
01001100000100
01001100101101
01001101001111
01001101101111
01001110000100
01001110101101
01001111001111
01001111101111
01010000010100
01010000110100
01010001001010
01010001101011
01010010010100
01010010110100
01010011001010
01010011101011
01010100010100
01010100110100
01010101001110
01010101101111
01010110010100
01010110110100
01010111001110
01010111101111
01011000010101
01011000110101
01011001000110
01011001101011
01011010010101
01011010110101
01011011000110
01011011101011
01011100010101
01011100110101
01011101000110
01011101101111
01011110010101
01011110110101
01011111000110
01011111101111
01100000001100
01100000101101
01100001001110
01100001101110
01100010001000
01100010101001
01100011001010
01100011101010
01100100001100
01100100101101
01100101001110
01100101101110
01100110001100
01100110101101
01100111001110
01100111101110
01101000000100
01101000101101
01101001001111
01101001101111
01101010000100
01101010101001
01101011001011
01101011101011
01101100000100
01101100101101
01101101001111
01101101101111
01101110000100
01101110101101
01101111001111
01101111101111
01110000010100
01110000110100
01110001001110
01110001101111
01110010010100
01110010110100
01110011001010
01110011101011
01110100010100
01110100110100
01110101001110
01110101101111
01110110010100
01110110110100
01110111001110
01110111101111
01111000010101
01111000110101
01111001000110
01111001101111
01111010010101
01111010110101
01111011000110
01111011101011
01111100010101
01111100110101
01111101000110
01111101101111
01111110010101
01111110110101
01111111000110
01111111101111
10000000010000
10000000110001
10000001010010
10000001110010
10000010010000
10000010110001
10000011010010
10000011110010
10000100010100
10000100110101
10000101010110
10000101110110
10000110010100
10000110110101
10000111010110
10000111110110
10001000001100
10001000110001
10001001010011
10001001110011
10001010001100
10001010110001
10001011010011
10001011110011
10001100001100
10001100110101
10001101010111
10001101110111
10001110001100
10001110110101
10001111010111
10001111110111
10010000011100
10010000111100
10010001010010
10010001110011
10010010011100
10010010111100
10010011010010
10010011110011
10010100011100
10010100111100
10010101010110
10010101110111
10010110011100
10010110111100
10010111010110
10010111110111
10011000011101
10011000111101
10011001001110
10011001110011
10011010011101
10011010111101
10011011001110
10011011110011
10011100011101
10011100111101
10011101001110
10011101110111
10011110011101
10011110111101
10011111001110
10011111110111
10100000010100
10100000110101
10100001010110
10100001110110
10100010010000
10100010110001
10100011010010
10100011110010
10100100010100
10100100110101
10100101010110
10100101110110
10100110010100
10100110110101
10100111010110
10100111110110
10101000001100
10101000110101
10101001010111
10101001110111
10101010001100
10101010110001
10101011010011
10101011110011
10101100001100
10101100110101
10101101010111
10101101110111
10101110001100
10101110110101
10101111010111
10101111110111
10110000011100
10110000111100
10110001010110
10110001110111
10110010011100
10110010111100
10110011010010
10110011110011
10110100011100
10110100111100
10110101010110
10110101110111
10110110011100
10110110111100
10110111010110
10110111110111
10111000011101
10111000111101
10111001001110
10111001110111
10111010011101
10111010111101
10111011001110
10111011110011
10111100011101
10111100111101
10111101001110
10111101110111
10111110011101
10111110111101
10111111001110
10111111110111
11000000011000
11000000111001
11000001011010
11000001111010
11000010011000
11000010111001
11000011011010
11000011111010
11000100011100
11000100111101
11000101011110
11000101111110
11000110011100
11000110111101
11000111011110
11000111111110
11001000010100
11001000111001
11001001011011
11001001111011
11001010010100
11001010111001
11001011011011
11001011111011
11001100010100
11001100111101
11001101011111
11001101111111
11001110010100
11001110111101
11001111011111
11001111111111
11010000000100
11010000100100
11010001011010
11010001111011
11010010000100
11010010100100
11010011011010
11010011111011
11010100000100
11010100100100
11010101011110
11010101111111
11010110000100
11010110100100
11010111011110
11010111111111
11011000000101
11011000100101
11011001010110
11011001111011
11011010000101
11011010100101
11011011010110
11011011111011
11011100000101
11011100100101
11011101010110
11011101111111
11011110000101
11011110100101
11011111010110
11011111111111
11100000011100
11100000111101
11100001011110
11100001111110
11100010011000
11100010111001
11100011011010
11100011111010
11100100011100
11100100111101
11100101011110
11100101111110
11100110011100
11100110111101
11100111011110
11100111111110
11101000010100
11101000111101
11101001011111
11101001111111
11101010010100
11101010111001
11101011011011
11101011111011
11101100010100
11101100111101
11101101011111
11101101111111
11101110010100
11101110111101
11101111011111
11101111111111
11110000000100
11110000100100
11110001011110
11110001111111
11110010000100
11110010100100
11110011011010
11110011111011
11110100000100
11110100100100
11110101011110
11110101111111
11110110000100
11110110100100
11110111011110
11110111111111
11111000000101
11111000100101
11111001010110
11111001111111
11111010000101
11111010100101
11111011010110
11111011111011
11111100000101
11111100100101
11111101010110
11111101111111
11111110000101
11111110100101
11111111010110
11111111111111
