0000000
1000000
0100000
1100000
0010000
1010000
0110000
1110000
0001001
1001001
0101001
1101001
0011001
1011001
0111001
1111001
0000111
1000000
0100000
1100000
0010111
1010000
0110000
1110000
0001111
1001001
0101001
1101001
0011111
1011001
0111001
1111001
0000011
1000011
0100000
1100000
0010011
1010011
0110000
1110000
0001011
1001011
0101001
1101001
0011011
1011011
0111001
1111001
0000011
1000011
0100111
1100000
0010011
1010011
0110111
1110000
0001011
1001011
0101111
1101001
0011011
1011011
0111111
1111001
0000001
1000001
0100001
1100001
0010000
1010000
0110000
1110000
0001001
1001001
0101001
1101001
0011001
1011001
0111001
1111001
0000111
1000001
0100001
1100001
0010111
1010000
0110000
1110000
0001111
1001001
0101001
1101001
0011111
1011001
0111001
1111001
0000011
1000011
0100001
1100001
0010011
1010011
0110000
1110000
0001011
1001011
0101001
1101001
0011011
1011011
0111001
1111001
0000011
1000011
0100111
1100001
0010011
1010011
0110111
1110000
0001011
1001011
0101111
1101001
0011011
1011011
0111111
1111001
0000010
1000010
0100010
1100010
0010010
1010010
0110010
1110010
0001011
1001011
0101011
1101011
0011011
1011011
0111011
1111011
0000001
1000010
0100010
1100010
0010001
1010010
0110010
1110010
0001001
1001011
0101011
1101011
0011001
1011011
0111011
1111011
0000101
1000101
0100010
1100010
0010101
1010101
0110010
1110010
0001101
1001101
0101011
1101011
0011101
1011101
0111011
1111011
0000101
1000101
0100001
1100010
0010101
1010101
0110001
1110010
0001101
1001101
0101001
1101011
0011101
1011101
0111001
1111011
0000011
1000011
0100011
1100011
0010010
1010010
0110010
1110010
0001011
1001011
0101011
1101011
0011011
1011011
0111011
1111011
0000001
1000011
0100011
1100011
0010001
1010010
0110010
1110010
0001001
1001011
0101011
1101011
0011001
1011011
0111011
1111011
0000101
1000101
0100011
1100011
0010101
1010101
0110010
1110010
0001101
1001101
0101011
1101011
0011101
1011101
0111011
1111011
0000101
1000101
0100001
1100011
0010101
1010101
0110001
1110010
0001101
1001101
0101001
1101011
0011101
1011101
0111001
1111011
0000100
1000100
0100100
1100100
0010100
1010100
0110100
1110100
0001101
1001101
0101101
1101101
0011101
1011101
0111101
1111101
0000011
1000100
0100100
1100100
0010011
1010100
0110100
1110100
0001011
1001101
0101101
1101101
0011011
1011101
0111101
1111101
0000111
1000111
0100100
1100100
0010111
1010111
0110100
1110100
0001111
1001111
0101101
1101101
0011111
1011111
0111101
1111101
0000111
1000111
0100011
1100100
0010111
1010111
0110011
1110100
0001111
1001111
0101011
1101101
0011111
1011111
0111011
1111101
0000101
1000101
0100101
1100101
0010100
1010100
0110100
1110100
0001101
1001101
0101101
1101101
0011101
1011101
0111101
1111101
0000011
1000101
0100101
1100101
0010011
1010100
0110100
1110100
0001011
1001101
0101101
1101101
0011011
1011101
0111101
1111101
0000111
1000111
0100101
1100101
0010111
1010111
0110100
1110100
0001111
1001111
0101101
1101101
0011111
1011111
0111101
1111101
0000111
1000111
0100011
1100101
0010111
1010111
0110011
1110100
0001111
1001111
0101011
1101101
0011111
1011111
0111011
1111101
0000110
1000110
0100110
1100110
0010110
1010110
0110110
1110110
0001111
1001111
0101111
1101111
0011111
1011111
0111111
1111111
0000101
1000110
0100110
1100110
0010101
1010110
0110110
1110110
0001101
1001111
0101111
1101111
0011101
1011111
0111111
1111111
0000001
1000001
0100110
1100110
0010001
1010001
0110110
1110110
0001001
1001001
0101111
1101111
0011001
1011001
0111111
1111111
0000001
1000001
0100101
1100110
0010001
1010001
0110101
1110110
0001001
1001001
0101101
1101111
0011001
1011001
0111101
1111111
0000111
1000111
0100111
1100111
0010110
1010110
0110110
1110110
0001111
1001111
0101111
1101111
0011111
1011111
0111111
1111111
0000101
1000111
0100111
1100111
0010101
1010110
0110110
1110110
0001101
1001111
0101111
1101111
0011101
1011111
0111111
1111111
0000001
1000001
0100111
1100111
0010001
1010001
0110110
1110110
0001001
1001001
0101111
1101111
0011001
1011001
0111111
1111111
0000001
1000001
0100101
1100111
0010001
1010001
0110101
1110110
0001001
1001001
0101101
1101111
0011001
1011001
0111101
1111111
